1001,0.0027286,-9.63574e-11,0.00135876,2.60828e-12,0.00331891,1.06101e-12
1002,0.00286958,-9.48488e-11,-0.00362912,2.59107e-12,0.00331962,1.06039e-12
1003,0.00324238,-9.08242e-11,-0.0169266,2.54508e-12,0.00331649,1.05876e-12
1004,0.00360972,-8.68008e-11,-0.0301966,2.50153e-12,0.00330639,1.05727e-12
1005,0.00397131,-8.27749e-11,-0.0434125,2.45782e-12,0.00328957,1.05577e-12
1006,0.00432651,-7.87466e-11,-0.0565474,2.41396e-12,0.00326608,1.05426e-12
1007,0.00467442,-7.47182e-11,-0.0695746,2.37141e-12,0.00323629,1.05279e-12
1008,0.00501486,-7.0688e-11,-0.0824702,2.32873e-12,0.00320049,1.05126e-12
1009,0.00534735,-6.66564e-11,-0.0952103,2.28591e-12,0.00315879,1.04965e-12
1010,0.00567121,-6.26231e-11,-0.107771,2.24246e-12,0.00311156,1.04797e-12
1011,0.00598636,-5.85893e-11,-0.120132,2.19889e-12,0.00305907,1.04616e-12
1012,0.00629245,-5.45558e-11,-0.132273,2.15522e-12,0.00300152,1.04421e-12
1013,0.00658894,-5.05217e-11,-0.144172,2.11034e-12,0.00293921,1.0421e-12
1014,0.00687582,-4.64894e-11,-0.155813,2.06537e-12,0.00287238,1.0398e-12
1015,0.00715288,-4.24597e-11,-0.167177,2.02031e-12,0.00280128,1.0373e-12
1016,0.00741971,-3.84332e-11,-0.178248,1.9748e-12,0.00272616,1.03459e-12
1017,0.00767633,-3.44115e-11,-0.18901,1.92922e-12,0.0026472,1.03164e-12
1018,0.00792263,-3.03956e-11,-0.199448,1.88359e-12,0.00256469,1.02845e-12
1019,0.00815827,-2.63858e-11,-0.209549,1.83742e-12,0.00247882,1.02499e-12
1020,0.00838337,-2.23844e-11,-0.219299,1.79121e-12,0.00238971,1.02125e-12
1021,0.00859784,-1.83923e-11,-0.228686,1.74498e-12,0.0022977,1.01722e-12
1022,0.00880145,-1.44092e-11,-0.237699,1.6976e-12,0.00220292,1.01287e-12
1023,0.00899433,-1.04384e-11,-0.246327,1.6502e-12,0.0021054,1.0082e-12
1024,0.00917645,-6.48107e-12,-0.254558,1.6028e-12,0.00200556,1.00322e-12
1025,0.00934767,-2.53782e-12,-0.262387,1.55485e-12,0.00190346,9.97893e-13
1026,0.00950811,1.38934e-12,-0.269801,1.50692e-12,0.00179908,9.92232e-13
1027,0.00965782,5.29836e-12,-0.276792,1.45902e-12,0.00169286,9.86225e-13
1028,0.00979672,9.1887e-12,-0.283356,1.41066e-12,0.00158484,9.79859e-13
1029,0.00992494,1.30582e-11,-0.289483,1.36233e-12,0.00147493,9.73142e-13
1030,0.0100425,1.69054e-11,-0.295166,1.31408e-12,0.00136363,9.6607e-13
1031,0.0101496,2.07286e-11,-0.300401,1.26592e-12,0.00125091,9.58639e-13
1032,0.0102461,2.45265e-11,-0.305182,1.21784e-12,0.00113668,9.50847e-13
1033,0.0103323,2.82969e-11,-0.309502,1.16984e-12,0.00102143,9.42697e-13
1034,0.0104083,3.20383e-11,-0.313361,1.1224e-12,0.000905136,9.34191e-13
1035,0.0104741,3.57496e-11,-0.31675,1.07504e-12,0.000787655,9.25329e-13
1036,0.0105298,3.9429e-11,-0.319667,1.0278e-12,0.00066952,9.16118e-13
1037,0.0105758,4.30757e-11,-0.322111,9.80271e-13,0.000550665,9.06545e-13
1038,0.0106121,4.66879e-11,-0.324076,9.32853e-13,0.000430939,8.96634e-13
1039,0.0106387,5.02638e-11,-0.325561,8.85557e-13,0.000310886,8.86391e-13
1040,0.0106561,5.38043e-11,-0.326566,8.37163e-13,0.000190428,8.75798e-13
1041,0.0106643,5.73055e-11,-0.327086,7.88918e-13,6.94088e-05,8.64864e-13
1042,0.0106635,6.0766e-11,-0.327121,7.4081e-13,-5.16226e-05,8.53599e-13
1043,0.0106539,6.41865e-11,-0.326673,6.91878e-13,-0.00017275,8.41991e-13
1044,0.0106358,6.75633e-11,-0.325739,6.431e-13,-0.000294133,8.3004e-13
1045,0.0106092,7.08951e-11,-0.324318,5.94485e-13,-0.000415224,8.17762e-13
1046,0.0105746,7.4183e-11,-0.322415,5.44636e-13,-0.000536116,8.05133e-13
1047,0.0105319,7.7423e-11,-0.320027,4.94973e-13,-0.000656973,7.9217e-13
1048,0.0104815,8.06144e-11,-0.317156,4.45497e-13,-0.000777255,7.78886e-13
1049,0.0104237,8.37566e-11,-0.313806,3.95244e-13,-0.000897059,7.65268e-13
1050,0.0103585,8.68464e-11,-0.309976,3.4518e-13,-0.00101654,7.51327e-13
1051,0.0102862,8.98836e-11,-0.305668,2.95306e-13,-0.00113519,7.37079e-13
1052,0.0102072,9.28663e-11,-0.300889,2.45067e-13,-0.00125308,7.22518e-13
1053,0.0101215,9.57939e-11,-0.295638,1.95045e-13,-0.00137038,7.07656e-13
1054,0.0100294,9.86641e-11,-0.289919,1.45243e-13,-0.00148658,6.92506e-13
1055,0.00993138,1.01477e-10,-0.283738,9.48781e-14,-0.00160177,6.77062e-13
1056,0.00982735,1.0423e-10,-0.277098,4.47453e-14,-0.00171608,6.6134e-13
1057,0.00971758,1.06922e-10,-0.270002,-5.15728e-15,-0.00182905,6.45359e-13
1058,0.00960263,1.09552e-10,-0.262457,-5.46415e-14,-0.00194075,6.29129e-13
1059,0.00948243,1.1212e-10,-0.254467,-1.03893e-13,-0.0020513,6.12648e-13
1060,0.00935726,1.14622e-10,-0.246037,-1.52901e-13,-0.00216027,5.95936e-13
1061,0.00922766,1.1706e-10,-0.237176,-2.01216e-13,-0.00226772,5.79012e-13
1062,0.00909356,1.19431e-10,-0.227886,-2.4927e-13,-0.00237375,5.61877e-13
1063,0.00895524,1.21735e-10,-0.218175,-2.97073e-13,-0.00247796,5.44548e-13
1064,0.00881329,1.23971e-10,-0.208052,-3.44372e-13,-0.00258042,5.2704e-13
1065,0.00866761,1.26139e-10,-0.197522,-3.91433e-13,-0.00268118,5.09351e-13
1066,0.00851843,1.28236e-10,-0.186592,-4.38227e-13,-0.00277991,4.91507e-13
1067,0.00836636,1.30266e-10,-0.175271,-4.86538e-13,-0.00287664,4.73483e-13
1068,0.00821128,1.32226e-10,-0.163567,-5.34586e-13,-0.00297141,4.55306e-13
1069,0.0080534,1.34114e-10,-0.151488,-5.8237e-13,-0.00306394,4.37002e-13
1070,0.00789333,1.35931e-10,-0.139044,-6.30483e-13,-0.00315424,4.18569e-13
1071,0.00773093,1.37676e-10,-0.126242,-6.78333e-13,-0.00324234,4.00017e-13
1072,0.00756639,1.39347e-10,-0.113093,-7.25918e-13,-0.00332801,3.81368e-13
1073,0.00740039,1.40945e-10,-0.099606,-7.73573e-13,-0.00341125,3.62623e-13
1074,0.00723269,1.42469e-10,-0.0857906,-8.20964e-13,-0.00349207,3.438e-13
1075,0.00706354,1.43918e-10,-0.0716568,-8.68087e-13,-0.0035703,3.24914e-13
1076,0.00689352,1.45294e-10,-0.0572155,-9.15572e-13,-0.00364592,3.05968e-13
1077,0.00672252,1.46595e-10,-0.0424768,-9.62798e-13,-0.0037189,2.86977e-13
1078,0.00655066,1.47821e-10,-0.0274515,-1.00976e-12,-0.00378915,2.67963e-13
1079,0.00637866,1.48972e-10,-0.0121507,-1.05639e-12,-0.00385663,2.48934e-13
1080,0.00620629,1.50047e-10,0.00341434,-1.10275e-12,-0.00392126,2.29901e-13
1081,0.00603373,1.51046e-10,0.0192322,-1.14885e-12,-0.00398304,2.10874e-13
1082,0.00586163,1.5197e-10,0.0352916,-1.19442e-12,-0.0040419,1.91879e-13
1083,0.00568976,1.52818e-10,0.0515803,-1.23972e-12,-0.00409772,1.72921e-13
1084,0.00551835,1.53591e-10,0.0680861,-1.28476e-12,-0.00415058,1.54016e-13
1085,0.00534808,1.54287e-10,0.0847979,-1.32778e-12,-0.00420038,1.35198e-13
1086,0.00517858,1.54907e-10,0.101702,-1.37056e-12,-0.00424698,1.16466e-13
1087,0.00501018,1.55452e-10,0.118786,-1.41308e-12,-0.00429053,9.78247e-14
1088,0.0048434,1.55919e-10,0.136039,-1.45279e-12,-0.0043309,7.93188e-14
1089,0.00467804,1.56313e-10,0.153446,-1.49224e-12,-0.00436791,6.09458e-14
1090,0.00451418,1.56633e-10,0.170995,-1.53144e-12,-0.0044018,4.2701e-14
1091,0.0043525,1.56884e-10,0.188673,-1.57305e-12,-0.0044324,2.45853e-14
1092,0.0041926,1.57063e-10,0.206467,-1.6144e-12,-0.00445949,6.63533e-15
1093,0.00403466,1.5717e-10,0.224361,-1.65553e-12,-0.0044834,-1.11535e-14
1094,0.00387922,1.57208e-10,0.242346,-1.69763e-12,-0.00450395,-2.87735e-14
1095,0.00372592,1.57176e-10,0.260405,-1.73949e-12,-0.00452089,-4.6189e-14
1096,0.00357491,1.57074e-10,0.278525,-1.78115e-12,-0.00453464,-6.3416e-14
1097,0.00342671,1.56904e-10,0.296694,-1.82284e-12,-0.00454499,-8.04438e-14
1098,0.00328097,1.56665e-10,0.314897,-1.86432e-12,-0.00455165,-9.72342e-14
1099,0.00313784,1.56359e-10,0.333118,-1.90558e-12,-0.00455513,-1.138e-13
1100,0.0029978,1.55989e-10,0.351349,-1.94759e-12,-0.0045552,-1.3013e-13
1101,0.00286056,1.55554e-10,0.369571,-1.9894e-12,-0.00455152,-1.46187e-13
1102,0.00272614,1.55053e-10,0.387771,-2.03101e-12,-0.0045447,-1.62001e-13
1103,0.00259509,1.54489e-10,0.40594,-2.07169e-12,-0.00453448,-1.77536e-13
1104,0.00246708,1.53862e-10,0.424058,-2.11216e-12,-0.00452047,-1.92761e-13
1105,0.00234215,1.53175e-10,0.442113,-2.15245e-12,-0.00450338,-2.07704e-13
1106,0.00222084,1.52427e-10,0.460096,-2.19261e-12,-0.00448291,-2.22338e-13
1107,0.00210274,1.51621e-10,0.477987,-2.23259e-12,-0.00445865,-2.36627e-13
1108,0.00198792,1.50757e-10,0.495774,-2.2724e-12,-0.00443137,-2.50613e-13
1109,0.00187689,1.49833e-10,0.513448,-2.30884e-12,-0.00440076,-2.64246e-13
1110,0.00176923,1.48854e-10,0.53099,-2.34511e-12,-0.00436636,-2.775e-13
1111,0.00166504,1.47822e-10,0.548387,-2.38124e-12,-0.00432906,-2.90434e-13
1112,0.0015647,1.46731e-10,0.565631,-2.41264e-12,-0.00428847,-3.02977e-13
1113,0.00146783,1.4559e-10,0.582704,-2.4439e-12,-0.00424412,-3.15118e-13
1114,0.00137446,1.44398e-10,0.599592,-2.47501e-12,-0.00419696,-3.26919e-13
1115,0.00128493,1.43162e-10,0.616288,-2.50716e-12,-0.0041466,-3.38347e-13
1116,0.00119884,1.41879e-10,0.632774,-2.53917e-12,-0.00409251,-3.49351e-13
1117,0.00111621,1.40552e-10,0.649035,-2.57107e-12,-0.00403575,-3.60004e-13
1118,0.00103731,1.39182e-10,0.665067,-2.60301e-12,-0.00397588,-3.70273e-13
1119,0.000961794,1.37771e-10,0.680851,-2.63484e-12,-0.00391239,-3.80105e-13
1120,0.000889599,1.36319e-10,0.696373,-2.66656e-12,-0.00384638,-3.89578e-13
1121,0.000821041,1.34831e-10,0.711629,-2.69857e-12,-0.00377742,-3.98657e-13
1122,0.000755682,1.33305e-10,0.7266,-2.73048e-12,-0.00370493,-4.07284e-13
1123,0.00069359,1.31744e-10,0.741274,-2.7623e-12,-0.00363012,-4.15539e-13
1124,0.000634902,1.30149e-10,0.755647,-2.79347e-12,-0.00355252,-4.23388e-13
1125,0.000579346,1.28522e-10,0.769701,-2.82455e-12,-0.00347153,-4.30767e-13
1126,0.000526867,1.26865e-10,0.783424,-2.85556e-12,-0.00338843,-4.37771e-13
1127,0.000477607,1.25177e-10,0.796814,-2.88428e-12,-0.00330272,-4.44349e-13
1128,0.000431337,1.23461e-10,0.809853,-2.91292e-12,-0.00321377,-4.50444e-13
1129,0.000387896,1.2172e-10,0.822529,-2.94152e-12,-0.00312293,-4.56158e-13
1130,0.000347518,1.19954e-10,0.834841,-2.96877e-12,-0.00302967,-4.61442e-13
1131,0.000309888,1.18167e-10,0.846772,-2.99596e-12,-0.00293334,-4.66229e-13
1132,0.000274872,1.16359e-10,0.858312,-3.02311e-12,-0.00283535,-4.70637e-13
1133,0.000242685,1.1453e-10,0.86946,-3.04715e-12,-0.00273516,-4.74596e-13
1134,0.000212947,1.12684e-10,0.880198,-3.07115e-12,-0.00263209,-4.78067e-13
1135,0.000185629,1.10822e-10,0.890519,-3.09514e-12,-0.00252761,-4.81172e-13
1136,0.000160794,1.0894e-10,0.900423,-3.11358e-12,-0.00242116,-4.83827e-13
1137,0.000138184,1.07047e-10,0.909893,-3.13198e-12,-0.00231204,-4.86023e-13
1138,0.000117676,1.05145e-10,0.918922,-3.1504e-12,-0.00220177,-4.87894e-13
1139,9.934e-05,1.03231e-10,0.927511,-3.16705e-12,-0.00208975,-4.89368e-13
1140,8.28935e-05,1.01311e-10,0.935644,-3.18371e-12,-0.0019753,-4.90399e-13
1141,6.82314e-05,9.93856e-11,0.943315,-3.20038e-12,-0.00185997,-4.91127e-13
1142,5.53678e-05,9.74529e-11,0.950527,-3.21416e-12,-0.00174315,-4.9149e-13
1143,4.4103e-05,9.5518e-11,0.957264,-3.22795e-12,-0.00162416,-4.91429e-13
1144,3.42794e-05,9.35819e-11,0.963521,-3.24177e-12,-0.00150459,-4.91092e-13
1145,2.59148e-05,9.16441e-11,0.969303,-3.2536e-12,-0.00138381,-4.90417e-13
1146,1.87852e-05,8.97074e-11,0.974595,-3.26545e-12,-0.00126114,-4.89341e-13
1147,1.2796e-05,8.77745e-11,0.979393,-3.27733e-12,-0.0011382,-4.88012e-13
1148,7.89368e-06,8.58434e-11,0.983702,-3.28681e-12,-0.00101434,-4.86365e-13
1149,3.89386e-06,8.39171e-11,0.98751,-3.29633e-12,-0.000888881,-4.8434e-13
1150,6.97156e-07,8.19975e-11,0.990813,-3.30589e-12,-0.000763463,-4.82086e-13
1151,-1.77219e-06,8.00847e-11,0.993619,-3.3139e-12,-0.000637434,-4.79553e-13
1152,-3.66973e-06,7.81805e-11,0.995915,-3.32194e-12,-0.0005101,-4.76666e-13
1153,-5.11116e-06,7.62867e-11,0.997699,-3.33005e-12,-0.000383128,-4.73579e-13
1154,-6.18775e-06,7.44012e-11,0.998981,-3.33592e-12,-0.000255851,-4.7024e-13
1155,-7.03604e-06,7.25282e-11,0.999748,-3.34183e-12,-0.00012758,-4.66576e-13
1156,-7.76874e-06,7.06684e-11,1.0,-3.34781e-12,8.59062e-09,-4.62752e-13
1157,-8.50137e-06,6.88178e-11,0.999748,-3.34981e-12,0.000127596,-4.58715e-13
1158,-9.35137e-06,6.6982e-11,0.99898,-3.35188e-12,0.000255861,-4.54402e-13
1159,-1.04311e-05,6.51621e-11,0.997699,-3.354e-12,0.000383129,-4.49973e-13
1160,-1.18732e-05,6.33471e-11,0.995915,-3.34762e-12,0.00051009,-4.45408e-13
1161,-1.37839e-05,6.15495e-11,0.993619,-3.34129e-12,0.00063741,-4.40653e-13
1162,-1.62568e-05,5.97694e-11,0.990813,-3.33504e-12,0.000763425,-4.3587e-13
1163,-1.94677e-05,5.80009e-11,0.98751,-3.32416e-12,0.000888828,-4.31016e-13
1164,-2.34762e-05,5.62506e-11,0.983703,-3.31335e-12,0.00101427,-4.26019e-13
1165,-2.84011e-05,5.45179e-11,0.979393,-3.30258e-12,0.00113811,-4.21037e-13
1166,-3.44177e-05,5.28014e-11,0.974596,-3.28951e-12,0.00126104,-4.1602e-13
1167,-4.15659e-05,5.11031e-11,0.969305,-3.2765e-12,0.00138371,-4.1089e-13
1168,-4.99658e-05,4.9424e-11,0.963523,-3.26355e-12,0.00150448,-4.05801e-13
1169,-5.98273e-05,4.77604e-11,0.957266,-3.2483e-12,0.00162405,-4.00704e-13
1170,-7.11304e-05,4.61162e-11,0.95053,-3.2331e-12,0.00174305,-3.95519e-13
1171,-8.4012e-05,4.4491e-11,0.943318,-3.21797e-12,0.00185989,-3.90402e-13
1172,-9.87048e-05,4.28812e-11,0.935648,-3.20051e-12,0.00197524,-3.85296e-13
1173,-0.000115152,4.12906e-11,0.927514,-3.18311e-12,0.00208974,-3.80118e-13
1174,-0.000133517,3.97192e-11,0.918925,-3.16575e-12,0.0022018,-3.7502e-13
1175,-0.000153989,3.81619e-11,0.909897,-3.14488e-12,0.00231212,-3.69956e-13
1176,-0.000176567,3.66237e-11,0.900426,-3.12406e-12,0.00242128,-3.6485e-13
1177,-0.000201325,3.51043e-11,0.890522,-3.10329e-12,0.00252778,-3.59848e-13
1178,-0.000228569,3.36006e-11,0.8802,-3.08036e-12,0.00263228,-3.54897e-13
1179,-0.000258194,3.21152e-11,0.86946,-3.05746e-12,0.00273536,-3.49933e-13
1180,-0.000290324,3.06483e-11,0.858312,-3.0346e-12,0.00283554,-3.45088e-13
1181,-0.000325237,2.91963e-11,0.846771,-3.00971e-12,0.0029335,-3.40331e-13
1182,-0.000362814,2.77623e-11,0.83484,-2.98483e-12,0.00302979,-3.35589e-13
1183,-0.000403169,2.63454e-11,0.822527,-2.95997e-12,0.00312301,-3.30988e-13
1184,-0.000446594,2.49383e-11,0.809851,-2.92977e-12,0.0032138,-3.26525e-13
1185,-0.000492952,2.35474e-11,0.796812,-2.8996e-12,0.0033027,-3.22108e-13
1186,-0.000542238,2.21727e-11,0.783423,-2.86943e-12,0.00338837,-3.17855e-13
1187,-0.000594881,2.08084e-11,0.7697,-2.835e-12,0.00347142,-3.1375e-13
1188,-0.000650565,1.94587e-11,0.755646,-2.80056e-12,0.00355237,-3.09717e-13
1189,-0.00070941,1.8124e-11,0.741274,-2.76615e-12,0.00362993,-3.05858e-13
1190,-0.000771758,1.68017e-11,0.7266,-2.73037e-12,0.0037047,-3.02127e-13
1191,-0.000837318,1.54933e-11,0.71163,-2.69459e-12,0.00377717,-2.98472e-13
1192,-0.000906123,1.41979e-11,0.696375,-2.65879e-12,0.00384612,-2.94992e-13
1193,-0.000978566,1.29152e-11,0.680854,-2.62246e-12,0.00391213,-2.91638e-13
1194,-0.00105431,1.16448e-11,0.665072,-2.58614e-12,0.00397565,-2.88366e-13
1195,-0.00113338,1.03859e-11,0.649041,-2.5498e-12,0.00403555,-2.85264e-13
1196,-0.00121618,9.13722e-12,0.63278,-2.51214e-12,0.00409237,-2.82288e-13
1197,-0.00130234,7.89905e-12,0.616295,-2.47446e-12,0.00414653,-2.79396e-13
1198,-0.00139192,6.67199e-12,0.599599,-2.43676e-12,0.00419698,-2.76668e-13
1199,-0.00148524,5.4535e-12,0.582711,-2.39822e-12,0.00424422,-2.74072e-13
1200,-0.00158195,4.24473e-12,0.565637,-2.35967e-12,0.00428866,-2.71561e-13
1201,-0.00168209,3.0454e-12,0.548392,-2.32109e-12,0.00432932,-2.6921e-13
1202,-0.00178601,1.85627e-12,0.530994,-2.28349e-12,0.00436667,-2.6697e-13
1203,-0.00189331,6.75702e-13,0.51345,-2.24586e-12,0.00440109,-2.64823e-13
1204,-0.00200403,-4.97539e-13,0.495775,-2.20817e-12,0.0044317,-2.62833e-13
1205,-0.00211857,-1.66137e-12,0.477987,-2.17175e-12,0.00445894,-2.60958e-13
1206,-0.00223639,-2.81789e-12,0.460094,-2.13527e-12,0.00448317,-2.59176e-13
1207,-0.00235754,-3.96866e-12,0.442111,-2.09875e-12,0.00450358,-2.57544e-13
1208,-0.00248241,-5.12023e-12,0.424056,-2.05731e-12,0.0045206,-2.56071e-13
1209,-0.00261045,-6.26606e-12,0.405937,-2.0158e-12,0.00453454,-2.54686e-13
1210,-0.00274156,-7.40681e-12,0.387768,-1.97424e-12,0.0045447,-2.53437e-13
1211,-0.00287617,-8.54765e-12,0.369568,-1.92923e-12,0.00455146,-2.52334e-13
1212,-0.00301366,-9.68431e-12,0.351346,-1.88413e-12,0.00455507,-2.51316e-13
1213,-0.00315396,-1.08169e-11,0.333116,-1.83898e-12,0.00455496,-2.50421e-13
1214,-0.00329744,-1.19469e-11,0.314895,-1.79295e-12,0.00455143,-2.49633e-13
1215,-0.00344351,-1.30735e-11,0.296694,-1.74687e-12,0.00454474,-2.48918e-13
1216,-0.00359208,-1.41973e-11,0.278525,-1.70074e-12,0.00453437,-2.48311e-13
1217,-0.00374347,-1.53188e-11,0.260407,-1.65425e-12,0.00452062,-2.47788e-13
1218,-0.00389707,-1.64372e-11,0.242349,-1.6077e-12,0.0045037,-2.47336e-13
1219,-0.00405281,-1.75539e-11,0.224365,-1.56106e-12,0.00448318,-2.46975e-13
1220,-0.00421099,-1.86685e-11,0.206471,-1.51426e-12,0.00445932,-2.46692e-13
1221,-0.00437104,-1.97815e-11,0.188679,-1.46736e-12,0.00443229,-2.46471e-13
1222,-0.00453279,-2.08931e-11,0.171,-1.42038e-12,0.00440177,-2.4633e-13
1223,-0.00469657,-2.20033e-11,0.153452,-1.37336e-12,0.00436797,-2.46254e-13
1224,-0.00486181,-2.31123e-11,0.136044,-1.32624e-12,0.00433103,-2.46229e-13
1225,-0.00502832,-2.42209e-11,0.118791,-1.27903e-12,0.00429072,-2.46271e-13
1226,-0.00519648,-2.53273e-11,0.101706,-1.23244e-12,0.00424721,-2.46363e-13
1227,-0.00536561,-2.64331e-11,0.0848004,-1.18576e-12,0.00420064,-2.46501e-13
1228,-0.00553555,-2.75385e-11,0.0680875,-1.13899e-12,0.00415083,-2.46689e-13
1229,-0.00570667,-2.86405e-11,0.0515807,-1.09436e-12,0.00409795,-2.46898e-13
1230,-0.00587826,-2.97421e-11,0.0352912,-1.04965e-12,0.00404209,-2.47144e-13
1231,-0.00605013,-3.08436e-11,0.019231,-1.00484e-12,0.00398319,-2.4743e-13
1232,-0.00622261,-3.1949e-11,0.00341269,-9.57161e-13,0.00392136,-2.4778e-13
1233,-0.00639501,-3.30544e-11,-0.0121527,-9.09379e-13,0.00385668,-2.48151e-13
1234,-0.00656704,-3.41599e-11,-0.0274536,-8.61492e-13,0.00378915,-2.4854e-13
1235,-0.00673899,-3.52682e-11,-0.0424787,-8.11565e-13,0.00371885,-2.48967e-13
1236,-0.0069102,-3.63766e-11,-0.0572171,-7.61525e-13,0.00364582,-2.49397e-13
1237,-0.00708039,-3.74848e-11,-0.0716579,-7.11373e-13,0.00357015,-2.49822e-13
1238,-0.00724978,-3.85934e-11,-0.085791,-6.60687e-13,0.00349188,-2.50247e-13
1239,-0.00741771,-3.97016e-11,-0.0996056,-6.09923e-13,0.00341104,-2.50657e-13
1240,-0.00758396,-4.08094e-11,-0.113092,-5.59052e-13,0.00332778,-2.51042e-13
1241,-0.00774874,-4.1916e-11,-0.12624,-5.08289e-13,0.0032421,-2.51396e-13
1242,-0.00791134,-4.30218e-11,-0.139041,-4.57422e-13,0.00315401,-2.51726e-13
1243,-0.00807155,-4.41266e-11,-0.151484,-4.06458e-13,0.00306374,-2.52016e-13
1244,-0.00822953,-4.5229e-11,-0.163562,-3.56077e-13,0.00297124,-2.5226e-13
1245,-0.00838467,-4.633e-11,-0.175266,-3.05595e-13,0.00287651,-2.52467e-13
1246,-0.00853675,-4.74291e-11,-0.186586,-2.55017e-13,0.00277984,-2.52621e-13
1247,-0.00868588,-4.85253e-11,-0.197516,-2.04903e-13,0.00268116,-2.5272e-13
1248,-0.00883145,-4.96188e-11,-0.208046,-1.54704e-13,0.00258044,-2.5277e-13
1249,-0.00897322,-5.07101e-11,-0.21817,-1.04406e-13,0.00247802,-2.52757e-13
1250,-0.00911135,-5.17978e-11,-0.227881,-5.43803e-14,0.00237383,-2.52683e-13
1251,-0.00924521,-5.2882e-11,-0.237171,-4.26642e-15,0.00226781,-2.52554e-13
1252,-0.0093746,-5.39627e-11,-0.246033,4.59331e-14,0.00216036,-2.52354e-13
1253,-0.00949959,-5.50373e-11,-0.254463,9.49386e-14,0.00205138,-2.52072e-13
1254,-0.00961961,-5.61077e-11,-0.262453,1.4402e-13,0.00194081,-2.51732e-13
1255,-0.00973442,-5.71735e-11,-0.269998,1.93181e-13,0.00182909,-2.51316e-13
1256,-0.00984406,-5.82353e-11,-0.277094,2.43373e-13,0.0017161,-2.50843e-13
1257,-0.00994801,-5.92918e-11,-0.283734,2.93644e-13,0.00160177,-2.50306e-13
1258,-0.010046,-6.03426e-11,-0.289915,3.43987e-13,0.00148657,-2.49686e-13
1259,-0.0101381,-6.13871e-11,-0.295634,3.94433e-13,0.00137036,-2.48984e-13
1260,-0.0102237,-6.2425e-11,-0.300885,4.44943e-13,0.00125306,-2.48203e-13
1261,-0.0103026,-6.34558e-11,-0.305664,4.95505e-13,0.00113517,-2.47325e-13
1262,-0.0103749,-6.44788e-11,-0.309971,5.45928e-13,0.00101654,-2.46351e-13
1263,-0.0104401,-6.54937e-11,-0.313801,5.96402e-13,0.000897071,-2.4529e-13
1264,-0.0104979,-6.65002e-11,-0.317152,6.46924e-13,0.000777296,-2.44127e-13
1265,-0.0105483,-6.74976e-11,-0.320023,6.97466e-13,0.000657051,-2.4287e-13
1266,-0.0105909,-6.84855e-11,-0.322412,7.48043e-13,0.00053624,-2.41523e-13
1267,-0.0106255,-6.94635e-11,-0.324316,7.98661e-13,0.000415402,-2.40075e-13
1268,-0.0106521,-7.04296e-11,-0.325737,8.48331e-13,0.000294372,-2.38519e-13
1269,-0.0106702,-7.1385e-11,-0.326672,8.98021e-13,0.000173052,-2.3688e-13
1270,-0.0106798,-7.23289e-11,-0.327122,9.47739e-13,5.1991e-05,-2.35146e-13
1271,-0.0106806,-7.32606e-11,-0.327088,9.97182e-13,-6.89782e-05,-2.33322e-13
1272,-0.0106725,-7.41802e-11,-0.326569,1.04664e-12,-0.000189947,-2.31423e-13
1273,-0.0106552,-7.50872e-11,-0.325567,1.09609e-12,-0.000310366,-2.2944e-13
1274,-0.0106287,-7.59806e-11,-0.324084,1.14519e-12,-0.000430395,-2.27381e-13
1275,-0.0105926,-7.68606e-11,-0.322121,1.19428e-12,-0.000550114,-2.25256e-13
1276,-0.0105468,-7.77271e-11,-0.319679,1.24336e-12,-0.000668981,-2.23059e-13
1277,-0.0104913,-7.8579e-11,-0.316764,1.29232e-12,-0.000787139,-2.20804e-13
1278,-0.0104258,-7.94166e-11,-0.313377,1.34124e-12,-0.000904651,-2.185e-13
1279,-0.0103501,-8.02394e-11,-0.309521,1.39013e-12,-0.00102098,-2.16144e-13
1280,-0.0102642,-8.10463e-11,-0.305202,1.43844e-12,-0.00113627,-2.13735e-13
1281,-0.0101679,-8.18381e-11,-0.300423,1.48671e-12,-0.00125055,-2.11294e-13
1282,-0.0100611,-8.26143e-11,-0.295189,1.53493e-12,-0.0013633,-2.08819e-13
1283,-0.00994378,-8.33746e-11,-0.289507,1.58293e-12,-0.00147465,-2.06297e-13
1284,-0.00981575,-8.41189e-11,-0.283381,1.63087e-12,-0.0015846,-2.03747e-13
1285,-0.00967704,-8.4847e-11,-0.276818,1.67874e-12,-0.00169268,-2.0117e-13
1286,-0.00952747,-8.55583e-11,-0.269827,1.72614e-12,-0.00179894,-1.9856e-13
1287,-0.00936709,-8.6253e-11,-0.262414,1.77349e-12,-0.00190337,-1.95936e-13
1288,-0.00919588,-8.69309e-11,-0.254586,1.82075e-12,-0.00200552,-1.93304e-13
1289,-0.00901374,-8.75914e-11,-0.246354,1.86746e-12,-0.00210541,-1.90665e-13
1290,-0.00882078,-8.82349e-11,-0.237726,1.91409e-12,-0.00220297,-1.88038e-13
1291,-0.00861701,-8.88615e-11,-0.228713,1.96061e-12,-0.00229779,-1.85433e-13
1292,-0.00840231,-8.94698e-11,-0.219326,2.00602e-12,-0.00238985,-1.82844e-13
1293,-0.00817694,-9.00611e-11,-0.209575,2.05132e-12,-0.002479,-1.80302e-13
1294,-0.00794093,-9.06357e-11,-0.199473,2.0965e-12,-0.0025649,-1.77821e-13
1295,-0.00769424,-9.11929e-11,-0.189034,2.14085e-12,-0.00264744,-1.75411e-13
1296,-0.00743714,-9.17335e-11,-0.178271,2.18508e-12,-0.00272643,-1.73093e-13
1297,-0.00716981,-9.22582e-11,-0.167199,2.22916e-12,-0.00280158,-1.70882e-13
1298,-0.00689217,-9.27651e-11,-0.155834,2.27165e-12,-0.0028727,-1.68779e-13
1299,-0.00660467,-9.32568e-11,-0.144192,2.31401e-12,-0.00293955,-1.66821e-13
1300,-0.0063075,-9.37337e-11,-0.132291,2.35621e-12,-0.00300187,-1.65026e-13
1301,-0.00600071,-9.41949e-11,-0.120149,2.39712e-12,-0.00305944,-1.63411e-13
1302,-0.00568484,-9.46426e-11,-0.107787,2.43787e-12,-0.00311193,-1.62002e-13
1303,-0.00536023,-9.50776e-11,-0.0952241,2.47844e-12,-0.00315917,-1.60816e-13
1304,-0.00502691,-9.5501e-11,-0.0824825,2.51912e-12,-0.00320088,-1.5992e-13
1305,-0.00468568,-9.59136e-11,-0.0695854,2.55961e-12,-0.00323669,-1.59294e-13
1306,-0.00433693,-9.63161e-11,-0.0565566,2.59993e-12,-0.00326648,-1.58954e-13
1307,-0.00398091,-9.67119e-11,-0.0434201,2.64143e-12,-0.00328997,-1.59008e-13
1308,-0.00361846,-9.71001e-11,-0.0302026,2.68274e-12,-0.0033068,-1.5939e-13
1309,-0.00325025,-9.74819e-11,-0.0169311,2.72385e-12,-0.0033169,-1.60112e-13
1310,-0.00287661,-9.78628e-11,-0.00363191,2.76758e-12,-0.00332003,-1.61326e-13
1311,-0.00273532,-9.80046e-11,0.00135659,2.78393e-12,-0.00331933,-1.61876e-13
