1001,0.00424958,4.05671e-10,0.00163544,-4.33511e-11,0.00273871,2.34534e-10
1002,0.00436435,7.60853e-10,-0.00248121,-4.27286e-11,0.00273852,2.34544e-10
1003,0.00466757,1.7078e-09,-0.0134498,-4.10653e-11,0.00273353,2.3451e-10
1004,0.00496604,2.6545e-09,-0.0243848,-3.96193e-11,0.00272223,2.34376e-10
1005,0.00525936,3.60025e-09,-0.0352621,-3.81665e-11,0.00270478,2.34151e-10
1006,0.00554703,4.54468e-09,-0.0460571,-3.6706e-11,0.00268124,2.33834e-10
1007,0.00582828,5.48756e-09,-0.0567451,-3.53278e-11,0.00265192,2.33422e-10
1008,0.00610289,6.42838e-09,-0.0673044,-3.39399e-11,0.00261708,2.32918e-10
1009,0.00637047,7.36678e-09,-0.0777131,-3.25416e-11,0.00257681,2.32323e-10
1010,0.00663042,8.30241e-09,-0.0879492,-3.11519e-11,0.00253146,2.31635e-10
1011,0.00688265,9.23489e-09,-0.0979937,-2.97501e-11,0.00248129,2.30856e-10
1012,0.00712686,1.01638e-08,-0.107828,-2.83355e-11,0.00242646,2.29986e-10
1013,0.00736263,1.10889e-08,-0.117432,-2.68956e-11,0.00236727,2.29026e-10
1014,0.00758988,1.20097e-08,-0.126791,-2.54414e-11,0.00230398,2.27975e-10
1015,0.00780846,1.29259e-08,-0.135889,-2.39726e-11,0.00223677,2.26835e-10
1016,0.00801804,1.38371e-08,-0.144709,-2.24683e-11,0.00216592,2.25605e-10
1017,0.00821863,1.47429e-08,-0.153238,-2.09482e-11,0.00209164,2.24287e-10
1018,0.00841009,1.56431e-08,-0.161463,-1.94118e-11,0.00201415,2.2288e-10
1019,0.00859223,1.65372e-08,-0.169371,-1.78444e-11,0.00193366,2.21386e-10
1020,0.00876508,1.74249e-08,-0.176951,-1.62598e-11,0.00185033,2.19804e-10
1021,0.00892859,1.83058e-08,-0.184192,-1.46576e-11,0.00176442,2.18136e-10
1022,0.0090826,1.91797e-08,-0.191083,-1.30385e-11,0.0016761,2.16381e-10
1023,0.0092272,2.00462e-08,-0.197616,-1.1401e-11,0.00158545,2.14541e-10
1024,0.00936236,2.09048e-08,-0.203781,-9.74463e-12,0.00149278,2.12616e-10
1025,0.00948801,2.17554e-08,-0.209572,-8.09234e-12,0.0013982,2.10606e-10
1026,0.00960425,2.25975e-08,-0.214979,-6.42057e-12,0.00130175,2.08514e-10
1027,0.00971109,2.34308e-08,-0.219997,-4.72868e-12,0.00120376,2.06338e-10
1028,0.00980855,2.42551e-08,-0.22462,-3.06892e-12,0.00110429,2.0408e-10
1029,0.00989669,2.507e-08,-0.228841,-1.38825e-12,0.00100335,2.01742e-10
1030,0.0099756,2.58751e-08,-0.232655,3.13442e-13,0.000901288,1.99323e-10
1031,0.0100453,2.66702e-08,-0.236058,1.94727e-12,0.000798136,1.96823e-10
1032,0.010106,2.74549e-08,-0.239046,3.60306e-12,0.000693875,1.94245e-10
1033,0.0101577,2.82289e-08,-0.241615,5.2812e-12,0.000588855,1.91589e-10
1034,0.0102005,2.89921e-08,-0.243762,6.84879e-12,0.000483092,1.88855e-10
1035,0.0102345,2.9744e-08,-0.245484,8.43957e-12,0.000376541,1.86045e-10
1036,0.0102599,3.04842e-08,-0.246777,1.00538e-11,0.000269565,1.8316e-10
1037,0.0102769,3.12127e-08,-0.247643,1.15106e-11,0.000162158,1.80198e-10
1038,0.0102855,3.19291e-08,-0.248077,1.29918e-11,5.42591e-05,1.77163e-10
1039,0.0102859,3.26329e-08,-0.248077,1.44979e-11,-5.37647e-05,1.74055e-10
1040,0.0102784,3.33242e-08,-0.247647,1.58091e-11,-0.000161927,1.70872e-10
1041,0.0102629,3.40024e-08,-0.246782,1.71461e-11,-0.000270293,1.67618e-10
1042,0.0102398,3.46673e-08,-0.245483,1.85089e-11,-0.000378499,1.64293e-10
1043,0.0102093,3.53188e-08,-0.243752,1.96848e-11,-0.000486564,1.60895e-10
1044,0.0101714,3.59563e-08,-0.241588,2.08872e-11,-0.000594556,1.57429e-10
1045,0.0101264,3.65797e-08,-0.238992,2.21165e-11,-0.000702117,1.53894e-10
1046,0.0100745,3.71888e-08,-0.235967,2.31862e-11,-0.000809277,1.5029e-10
1047,0.0100159,3.77832e-08,-0.232513,2.4283e-11,-0.000916107,1.46621e-10
1048,0.00995065,3.83626e-08,-0.228633,2.54077e-11,-0.00102226,1.42887e-10
1049,0.00987921,3.89269e-08,-0.22433,2.64023e-11,-0.00112777,1.39088e-10
1050,0.00980157,3.94757e-08,-0.219605,2.7425e-11,-0.00123271,1.35228e-10
1051,0.00971795,4.00087e-08,-0.214461,2.84764e-11,-0.00133675,1.31307e-10
1052,0.00962873,4.0526e-08,-0.208904,2.94199e-11,-0.00143992,1.27326e-10
1053,0.00953393,4.1027e-08,-0.202934,3.03925e-11,-0.00154228,1.23288e-10
1054,0.00943375,4.15115e-08,-0.196557,3.13946e-11,-0.00164352,1.19195e-10
1055,0.00932864,4.19796e-08,-0.189778,3.22993e-11,-0.00174367,1.15046e-10
1056,0.00921858,4.24308e-08,-0.182599,3.32341e-11,-0.00184279,1.10845e-10
1057,0.00910378,4.28648e-08,-0.175026,3.41992e-11,-0.00194058,1.06593e-10
1058,0.00898472,4.32818e-08,-0.167064,3.50629e-11,-0.00203708,1.02291e-10
1059,0.00886138,4.36812e-08,-0.158719,3.59576e-11,-0.0021323,9.79417e-11
1060,0.00873395,4.4063e-08,-0.149995,3.68837e-11,-0.00222602,9.35469e-11
1061,0.00860294,4.44271e-08,-0.1409,3.76907e-11,-0.00231822,8.91064e-11
1062,0.00846833,4.47732e-08,-0.131439,3.853e-11,-0.00240894,8.46239e-11
1063,0.00833028,4.51011e-08,-0.121617,3.94012e-11,-0.00249796,8.01011e-11
1064,0.00818938,4.54109e-08,-0.111443,4.01305e-11,-0.00258528,7.55372e-11
1065,0.00804553,4.57022e-08,-0.100923,4.08928e-11,-0.00267088,7.09361e-11
1066,0.00789891,4.59748e-08,-0.0900639,4.16878e-11,-0.00275461,6.62997e-11
1067,0.00775007,4.62289e-08,-0.0788738,4.23488e-11,-0.00283643,6.16274e-11
1068,0.0075989,4.6464e-08,-0.0673599,4.3043e-11,-0.00291632,5.69232e-11
1069,0.00744558,4.66801e-08,-0.0555303,4.37704e-11,-0.00299417,5.21893e-11
1070,0.00729067,4.68772e-08,-0.0433934,4.43905e-11,-0.00306994,4.74255e-11
1071,0.00713398,4.7055e-08,-0.0309576,4.50437e-11,-0.00314357,4.26356e-11
1072,0.00697576,4.72135e-08,-0.0182315,4.57307e-11,-0.00321503,3.78221e-11
1073,0.00681651,4.73526e-08,-0.00522391,4.63363e-11,-0.00328424,3.29852e-11
1074,0.00665612,4.74722e-08,0.00805596,4.69757e-11,-0.00335115,2.81284e-11
1075,0.00649471,4.75722e-08,0.0215988,4.76486e-11,-0.00341575,2.32543e-11
1076,0.00633292,4.76526e-08,0.0353957,4.82603e-11,-0.00347797,1.83636e-11
1077,0.00617049,4.77132e-08,0.0494364,4.89055e-11,-0.00353772,1.34592e-11
1078,0.00600764,4.7754e-08,0.0637111,4.95847e-11,-0.00359506,8.54427e-12
1079,0.00584495,4.77752e-08,0.0782108,5.0212e-11,-0.00364989,3.61929e-12
1080,0.00568222,4.77764e-08,0.0929242,5.08734e-11,-0.0037021,-1.31277e-12
1081,0.00551963,4.77577e-08,0.107841,5.15689e-11,-0.00375181,-6.24869e-12
1082,0.00535775,4.77192e-08,0.122953,5.22112e-11,-0.0037989,-1.11881e-11
1083,0.00519635,4.76609e-08,0.138246,5.28876e-11,-0.00384322,-1.6128e-11
1084,0.00503567,4.75825e-08,0.153712,5.35986e-11,-0.00388496,-2.1065e-11
1085,0.00487621,4.74845e-08,0.16934,5.42412e-11,-0.00392398,-2.5999e-11
1086,0.00471782,4.73666e-08,0.185118,5.49185e-11,-0.0039601,-3.09271e-11
1087,0.00456059,4.72287e-08,0.201034,5.563e-11,-0.00399358,-3.58456e-11
1088,0.00440511,4.70714e-08,0.21708,5.62431e-11,-0.00402425,-4.07554e-11
1089,0.00425117,4.68942e-08,0.233242,5.68908e-11,-0.0040519,-4.56529e-11
1090,0.00409882,4.66973e-08,0.249508,5.75724e-11,-0.00407685,-5.05342e-11
1091,0.00394861,4.6481e-08,0.26587,5.81484e-11,-0.00409892,-5.54005e-11
1092,0.00380027,4.62451e-08,0.282313,5.87582e-11,-0.00411784,-6.0248e-11
1093,0.00365385,4.59897e-08,0.298826,5.94013e-11,-0.00413403,-6.50728e-11
1094,0.00350992,4.57152e-08,0.315399,5.99579e-11,-0.00414728,-6.98756e-11
1095,0.00336816,4.54213e-08,0.332017,6.05475e-11,-0.00415732,-7.46531e-11
1096,0.00322865,4.51082e-08,0.348669,6.11698e-11,-0.00416463,-7.94011e-11
1097,0.00309182,4.47762e-08,0.365347,6.17238e-11,-0.00416897,-8.41203e-11
1098,0.00295743,4.44253e-08,0.382034,6.231e-11,-0.00417005,-8.88076e-11
1099,0.00282558,4.40555e-08,0.398719,6.29283e-11,-0.00416843,-9.34588e-11
1100,0.00269667,4.36672e-08,0.415394,6.34923e-11,-0.00416383,-9.80745e-11
1101,0.00257042,4.32605e-08,0.432042,6.40878e-11,-0.00415595,-1.02652e-10
1102,0.00244693,4.28353e-08,0.448652,6.47142e-11,-0.00414541,-1.07186e-10
1103,0.00232661,4.23921e-08,0.465217,6.52952e-11,-0.00413192,-1.11679e-10
1104,0.00220919,4.19309e-08,0.48172,6.59068e-11,-0.00411512,-1.16127e-10
1105,0.00209472,4.14519e-08,0.498148,6.65485e-11,-0.00409571,-1.20526e-10
1106,0.00198361,4.09554e-08,0.514497,6.71467e-11,-0.0040734,-1.24877e-10
1107,0.00187553,4.04415e-08,0.530747,6.77743e-11,-0.00404777,-1.29177e-10
1108,0.00177061,3.99104e-08,0.546888,6.84314e-11,-0.00401961,-1.33421e-10
1109,0.00166915,3.93624e-08,0.562915,6.9035e-11,-0.00398859,-1.37612e-10
1110,0.00157093,3.87977e-08,0.578808,6.96674e-11,-0.00395427,-1.41747e-10
1111,0.0014759,3.82164e-08,0.594558,7.03278e-11,-0.0039175,-1.4582e-10
1112,0.00138446,3.76191e-08,0.610158,7.08979e-11,-0.00387793,-1.49834e-10
1113,0.00129628,3.70058e-08,0.625592,7.14956e-11,-0.00383509,-1.53787e-10
1114,0.00121136,3.63767e-08,0.640847,7.21201e-11,-0.00378988,-1.57673e-10
1115,0.00112999,3.57323e-08,0.65592,7.2635e-11,-0.00374194,-1.61495e-10
1116,0.00105185,3.50726e-08,0.670792,7.31759e-11,-0.00369076,-1.65249e-10
1117,0.000976908,3.4398e-08,0.685454,7.3742e-11,-0.00363733,-1.68931e-10
1118,0.000905416,3.3709e-08,0.6999,7.42126e-11,-0.00358126,-1.72544e-10
1119,0.000837029,3.30055e-08,0.714113,7.47073e-11,-0.00352204,-1.76084e-10
1120,0.000771784,3.2288e-08,0.728083,7.52256e-11,-0.00346071,-1.79547e-10
1121,0.000709821,3.15568e-08,0.741807,7.56633e-11,-0.00339686,-1.82936e-10
1122,0.00065092,3.08122e-08,0.755266,7.61236e-11,-0.00332996,-1.86247e-10
1123,0.000594972,3.00545e-08,0.768452,7.66055e-11,-0.00326112,-1.89476e-10
1124,0.000542189,2.92841e-08,0.781363,7.70184e-11,-0.0031899,-1.92626e-10
1125,0.000492297,2.85012e-08,0.79398,7.74521e-11,-0.00311576,-1.95694e-10
1126,0.000445246,2.77061e-08,0.806294,7.79058e-11,-0.00303985,-1.98675e-10
1127,0.000401183,2.68994e-08,0.818305,7.82994e-11,-0.00296172,-2.01574e-10
1128,0.000359848,2.60812e-08,0.829995,7.87121e-11,-0.0028808,-2.04386e-10
1129,0.000321179,2.52519e-08,0.841356,7.91429e-11,-0.0027983,-2.07108e-10
1130,0.000285292,2.44119e-08,0.852388,7.95219e-11,-0.00271375,-2.09743e-10
1131,0.00025191,2.35616e-08,0.863073,7.9918e-11,-0.00262655,-2.12288e-10
1132,0.000221017,2.27012e-08,0.873404,8.03305e-11,-0.00253798,-2.1474e-10
1133,0.000192639,2.18313e-08,0.883382,8.06939e-11,-0.00244752,-2.17102e-10
1134,0.000166593,2.09521e-08,0.892991,8.10727e-11,-0.0023546,-2.1937e-10
1135,0.000142748,2.0064e-08,0.902222,8.14659e-11,-0.0022605,-2.21541e-10
1136,0.000121178,1.91675e-08,0.911079,8.17763e-11,-0.00216472,-2.23621e-10
1137,0.000101656,1.82629e-08,0.919546,8.21e-11,-0.00206664,-2.25604e-10
1138,8.40893e-05,1.73505e-08,0.927615,8.24363e-11,-0.00196761,-2.27487e-10
1139,6.84926e-05,1.6431e-08,0.935291,8.26668e-11,-0.00186709,-2.29276e-10
1140,5.46542e-05,1.55045e-08,0.942557,8.29088e-11,-0.00176447,-2.30965e-10
1141,4.24765e-05,1.45714e-08,0.949408,8.31612e-11,-0.00166112,-2.32552e-10
1142,3.19318e-05,1.36324e-08,0.955849,8.33223e-11,-0.00155651,-2.34043e-10
1143,2.28597e-05,1.26876e-08,0.961865,8.34927e-11,-0.00145002,-2.35431e-10
1144,1.51315e-05,1.17374e-08,0.96745,8.36714e-11,-0.00134306,-2.36715e-10
1145,8.74202e-06,1.07825e-08,0.972612,8.37802e-11,-0.00123507,-2.379e-10
1146,3.49135e-06,9.82297e-09,0.977335,8.38961e-11,-0.00112544,-2.38981e-10
1147,-7.07616e-07,8.85938e-09,0.981616,8.40183e-11,-0.0010156,-2.39957e-10
1148,-3.90791e-06,7.89221e-09,0.985462,8.4087e-11,-0.000904991,-2.40832e-10
1149,-6.26659e-06,6.92176e-09,0.988859,8.41609e-11,-0.000792986,-2.41602e-10
1150,-7.88487e-06,5.94846e-09,0.991806,8.4239e-11,-0.00068104,-2.42265e-10
1151,-8.83504e-06,4.9728e-09,0.994309,8.42825e-11,-0.000568573,-2.42827e-10
1152,-9.2577e-06,3.99514e-09,0.996357,8.4329e-11,-0.000454974,-2.43282e-10
1153,-9.2552e-06,3.01589e-09,0.997948,8.43776e-11,-0.000341705,-2.4363e-10
1154,-8.9181e-06,2.03552e-09,0.999091,8.44125e-11,-0.000228176,-2.43876e-10
1155,-8.3726e-06,1.05441e-09,0.999775,8.44484e-11,-0.00011378,-2.44015e-10
1156,-7.71836e-06,7.30057e-11,1.0,8.44842e-11,1.38698e-08,-2.44047e-10
1157,-7.06465e-06,-9.08291e-10,0.999775,8.45239e-11,0.000113806,-2.43977e-10
1158,-6.51899e-06,-1.88904e-09,0.999091,8.45625e-11,0.000228196,-2.43799e-10
1159,-6.18474e-06,-2.86882e-09,0.997948,8.4599e-11,0.000341717,-2.43515e-10
1160,-6.19082e-06,-3.8472e-09,0.996357,8.46179e-11,0.000454974,-2.4313e-10
1161,-6.6202e-06,-4.82377e-09,0.994309,8.46335e-11,0.00056856,-2.42637e-10
1162,-7.57966e-06,-5.79809e-09,0.991805,8.4645e-11,0.000681012,-2.42039e-10
1163,-9.20309e-06,-6.76972e-09,0.988859,8.46128e-11,0.000792943,-2.41339e-10
1164,-1.15777e-05,-7.73827e-09,0.985462,8.45752e-11,0.000904932,-2.40532e-10
1165,-1.47978e-05,-8.70331e-09,0.981616,8.45313e-11,0.00101553,-2.3962e-10
1166,-1.90206e-05,-9.66443e-09,0.977336,8.4455e-11,0.00112536,-2.38608e-10
1167,-2.4287e-05,-1.06212e-08,0.972613,8.43713e-11,0.00123498,-2.3749e-10
1168,-3.07069e-05,-1.15732e-08,0.967452,8.42792e-11,0.00134296,-2.36268e-10
1169,-3.84678e-05,-1.25201e-08,0.961867,8.41738e-11,0.00144993,-2.34947e-10
1170,-4.75728e-05,-1.34614e-08,0.955851,8.40588e-11,0.00155643,-2.33521e-10
1171,-5.81325e-05,-1.43967e-08,0.949411,8.39333e-11,0.00166107,-2.31993e-10
1172,-7.0337e-05,-1.53256e-08,0.942559,8.38084e-11,0.00176444,-2.30368e-10
1173,-8.41945e-05,-1.62478e-08,0.935293,8.36718e-11,0.0018671,-2.2864e-10
1174,-9.97989e-05,-1.71627e-08,0.927618,8.35225e-11,0.00196767,-2.26813e-10
1175,-0.000117358,-1.80701e-08,0.919548,8.33906e-11,0.00206675,-2.2489e-10
1176,-0.000136856,-1.89695e-08,0.911081,8.32448e-11,0.00216487,-2.22867e-10
1177,-0.000158384,-1.98605e-08,0.902223,8.30842e-11,0.00226069,-2.20747e-10
1178,-0.000182146,-2.07429e-08,0.892991,8.29592e-11,0.00235481,-2.18535e-10
1179,-0.000208148,-2.16161e-08,0.883381,8.28181e-11,0.00244775,-2.16225e-10
1180,-0.00023643,-2.24797e-08,0.873402,8.26601e-11,0.00253819,-2.13821e-10
1181,-0.000267262,-2.33336e-08,0.863071,8.25525e-11,0.00262673,-2.11329e-10
1182,-0.000300598,-2.41772e-08,0.852385,8.24265e-11,0.00271389,-2.08742e-10
1183,-0.000336464,-2.50101e-08,0.841353,8.22815e-11,0.00279839,-2.06066e-10
1184,-0.000375145,-2.58321e-08,0.829992,8.2162e-11,0.00288083,-2.03303e-10
1185,-0.000416527,-2.66428e-08,0.818301,8.20224e-11,0.0029617,-2.00451e-10
1186,-0.000460668,-2.74417e-08,0.806291,8.18616e-11,0.00303978,-1.97512e-10
1187,-0.000507831,-2.82286e-08,0.793977,8.16873e-11,0.00311563,-1.9449e-10
1188,-0.000557833,-2.90032e-08,0.78136,8.1491e-11,0.00318973,-1.91383e-10
1189,-0.000610785,-2.97649e-08,0.768451,8.12717e-11,0.0032609,-1.88193e-10
1190,-0.000666926,-3.05137e-08,0.755266,8.10361e-11,0.00332971,-1.84924e-10
1191,-0.000726036,-3.12491e-08,0.741807,8.07768e-11,0.00339658,-1.81574e-10
1192,-0.000788216,-3.19708e-08,0.728084,8.04926e-11,0.00346043,-1.78146e-10
1193,-0.000853679,-3.26785e-08,0.714116,8.02011e-11,0.00352177,-1.74644e-10
1194,-0.000922236,-3.33719e-08,0.699903,7.98839e-11,0.00358102,-1.71065e-10
1195,-0.000993913,-3.40507e-08,0.685458,7.95402e-11,0.00363714,-1.67414e-10
1196,-0.001069,-3.47147e-08,0.670798,7.91988e-11,0.00369063,-1.63693e-10
1197,-0.00114724,-3.53635e-08,0.655926,7.88301e-11,0.00374188,-1.59901e-10
1198,-0.00122866,-3.59968e-08,0.640853,7.84332e-11,0.00378992,-1.56042e-10
1199,-0.00131355,-3.66145e-08,0.625597,7.80531e-11,0.00383522,-1.52119e-10
1200,-0.00140163,-3.72161e-08,0.610163,7.76438e-11,0.00387815,-1.4813e-10
1201,-0.00149287,-3.78016e-08,0.594561,7.7205e-11,0.0039178,-1.4408e-10
1202,-0.00158766,-3.83707e-08,0.57881,7.68008e-11,0.00395462,-1.39972e-10
1203,-0.00168561,-3.8923e-08,0.562915,7.63661e-11,0.00398896,-1.35804e-10
1204,-0.00178679,-3.94584e-08,0.546888,7.58997e-11,0.00401997,-1.31581e-10
1205,-0.00189146,-3.99768e-08,0.530745,7.54801e-11,0.0040481,-1.27306e-10
1206,-0.00199929,-4.04777e-08,0.514493,7.50281e-11,0.00407367,-1.22978e-10
1207,-0.00211025,-4.09611e-08,0.498144,7.45433e-11,0.00409592,-1.18601e-10
1208,-0.00222466,-4.14268e-08,0.481715,7.40912e-11,0.00411524,-1.14178e-10
1209,-0.0023421,-4.18746e-08,0.465212,7.36056e-11,0.00413196,-1.09708e-10
1210,-0.0024625,-4.23042e-08,0.448647,7.3086e-11,0.00414538,-1.05196e-10
1211,-0.00258616,-4.27156e-08,0.432037,7.25585e-11,0.00415585,-1.00643e-10
1212,-0.00271263,-4.31084e-08,0.415389,7.19966e-11,0.00416367,-9.60491e-11
1213,-0.00284178,-4.34826e-08,0.398715,7.14003e-11,0.0041682,-9.14196e-11
1214,-0.00297398,-4.38382e-08,0.382031,7.07869e-11,0.00416978,-8.67562e-11
1215,-0.00310867,-4.41748e-08,0.365345,7.01386e-11,0.00416867,-8.2059e-11
1216,-0.00324581,-4.44924e-08,0.348669,6.9455e-11,0.00416431,-7.73328e-11
1217,-0.0033857,-4.47909e-08,0.332018,6.87597e-11,0.00415701,-7.25796e-11
1218,-0.00352778,-4.50701e-08,0.315401,6.8029e-11,0.004147,-6.77997e-11
1219,-0.00367198,-4.533e-08,0.298829,6.72624e-11,0.00413379,-6.29977e-11
1220,-0.00381858,-4.55705e-08,0.282317,6.64975e-11,0.00411766,-5.81759e-11
1221,-0.00396708,-4.57916e-08,0.265875,6.56965e-11,0.00409881,-5.33345e-11
1222,-0.00411735,-4.5993e-08,0.249513,6.4859e-11,0.00407683,-4.84781e-11
1223,-0.00426965,-4.61749e-08,0.233247,6.40447e-11,0.00405197,-4.36093e-11
1224,-0.00442351,-4.63372e-08,0.217084,6.31935e-11,0.0040244,-3.87281e-11
1225,-0.0045788,-4.64797e-08,0.201038,6.23052e-11,0.00399379,-3.38389e-11
1226,-0.00473574,-4.66026e-08,0.18512,6.14645e-11,0.00396036,-2.89446e-11
1227,-0.00489387,-4.67057e-08,0.169341,6.05863e-11,0.00392426,-2.40452e-11
1228,-0.00505298,-4.67891e-08,0.153712,5.9671e-11,0.00388523,-1.91446e-11
1229,-0.00521338,-4.68528e-08,0.138246,5.88242e-11,0.00384346,-1.42463e-11
1230,-0.00537451,-4.68968e-08,0.122951,5.794e-11,0.0037991,-9.34957e-12
1231,-0.0055362,-4.6921e-08,0.107839,5.70181e-11,0.00375195,-4.45833e-12
1232,-0.0056987,-4.69257e-08,0.0929213,5.61652e-11,0.00370218,4.24155e-13
1233,-0.00586141,-4.69107e-08,0.0782076,5.52748e-11,0.00364991,5.29828e-12
1234,-0.00602415,-4.6876e-08,0.063708,5.43472e-11,0.00359501,1.01606e-11
1235,-0.00618711,-4.68218e-08,0.0494337,5.34556e-11,0.00353761,1.50084e-11
1236,-0.00634966,-4.67482e-08,0.0353935,5.25276e-11,0.00347781,1.98409e-11
1237,-0.00651168,-4.6655e-08,0.0215974,5.15625e-11,0.00341553,2.4655e-11
1238,-0.00667329,-4.65426e-08,0.00805551,5.06194e-11,0.00335089,2.9448e-11
1239,-0.00683395,-4.64108e-08,-0.00522325,4.96399e-11,0.00328395,3.4219e-11
1240,-0.00699341,-4.62599e-08,-0.0182297,4.86247e-11,0.00321473,3.89651e-11
1241,-0.00715185,-4.609e-08,-0.0309545,4.76359e-11,0.00314327,4.36835e-11
1242,-0.00730872,-4.59011e-08,-0.0433891,4.66117e-11,0.00306965,4.8373e-11
1243,-0.00746382,-4.56933e-08,-0.0555248,4.55521e-11,0.00299391,5.30313e-11
1244,-0.00761723,-4.5467e-08,-0.0673534,4.45395e-11,0.00291611,5.76552e-11
1245,-0.00776847,-4.52221e-08,-0.0788665,4.34921e-11,0.00283627,6.22438e-11
1246,-0.00791731,-4.49588e-08,-0.0900561,4.24102e-11,0.0027545,6.6795e-11
1247,-0.00806388,-4.46773e-08,-0.100915,4.14083e-11,0.00267084,7.13054e-11
1248,-0.00820761,-4.43778e-08,-0.111435,4.03728e-11,0.00258529,7.57743e-11
1249,-0.00834836,-4.40603e-08,-0.121609,3.93034e-11,0.00249802,8.02001e-11
1250,-0.00848618,-4.37253e-08,-0.131431,3.83569e-11,0.00240903,8.45789e-11
1251,-0.0086206,-4.33728e-08,-0.140893,3.73771e-11,0.00231833,8.89108e-11
1252,-0.00875136,-4.30028e-08,-0.149989,3.63648e-11,0.00222612,9.31944e-11
1253,-0.00887857,-4.2616e-08,-0.158713,3.55167e-11,0.00213239,9.74255e-11
1254,-0.00900172,-4.22123e-08,-0.167059,3.46365e-11,0.00203715,1.01605e-10
1255,-0.00912061,-4.17917e-08,-0.17502,3.37244e-11,0.00194063,1.05732e-10
1256,-0.00923528,-4.1355e-08,-0.182593,3.29959e-11,0.00184281,1.09802e-10
1257,-0.00934523,-4.0902e-08,-0.189772,3.22363e-11,0.00174368,1.13817e-10
1258,-0.00945026,-4.04328e-08,-0.196551,3.14463e-11,0.00164351,1.17776e-10
1259,-0.00955038,-3.99482e-08,-0.202929,3.0815e-11,0.00154226,1.21675e-10
1260,-0.00964512,-3.94479e-08,-0.208898,3.01543e-11,0.0014399,1.25514e-10
1261,-0.0097343,-3.89322e-08,-0.214455,2.94643e-11,0.00133673,1.29293e-10
1262,-0.00981789,-3.84016e-08,-0.219599,2.89146e-11,0.00123271,1.33008e-10
1263,-0.00989548,-3.78562e-08,-0.224324,2.83366e-11,0.0011278,1.36659e-10
1264,-0.00996689,-3.72961e-08,-0.228627,2.77307e-11,0.00102232,1.40246e-10
1265,-0.0100321,-3.6722e-08,-0.232508,2.72677e-11,0.000916213,1.43765e-10
1266,-0.0100907,-3.61338e-08,-0.235962,2.67777e-11,0.000809441,1.47217e-10
1267,-0.0101425,-3.55318e-08,-0.238988,2.62614e-11,0.000702351,1.50601e-10
1268,-0.0101875,-3.49166e-08,-0.241585,2.59111e-11,0.000594866,1.53913e-10
1269,-0.0102253,-3.42881e-08,-0.24375,2.55353e-11,0.000486955,1.57154e-10
1270,-0.0102558,-3.36466e-08,-0.245483,2.51346e-11,0.000378974,1.60325e-10
1271,-0.0102789,-3.29929e-08,-0.246784,2.49418e-11,0.000270849,1.6342e-10
1272,-0.0102943,-3.23267e-08,-0.247651,2.47247e-11,0.000162551,1.66441e-10
1273,-0.0103019,-3.16485e-08,-0.248085,2.44838e-11,5.44449e-05,1.69389e-10
1274,-0.0103015,-3.09589e-08,-0.248087,2.45035e-11,-5.35393e-05,1.72259e-10
1275,-0.010293,-3.02579e-08,-0.247656,2.45002e-11,-0.000161419,1.75054e-10
1276,-0.0102761,-2.95456e-08,-0.246794,2.4474e-11,-0.000268829,1.77774e-10
1277,-0.0102509,-2.8823e-08,-0.245503,2.47555e-11,-0.000375824,1.80415e-10
1278,-0.010217,-2.80899e-08,-0.243784,2.50149e-11,-0.000482404,1.8298e-10
1279,-0.0101744,-2.73464e-08,-0.241639,2.52525e-11,-0.000588207,1.8547e-10
1280,-0.0101229,-2.65935e-08,-0.239073,2.58083e-11,-0.000693275,1.87881e-10
1281,-0.0100625,-2.58309e-08,-0.236088,2.6343e-11,-0.000797588,1.90217e-10
1282,-0.00999294,-2.50589e-08,-0.232686,2.68571e-11,-0.000900797,1.92479e-10
1283,-0.00991423,-2.42783e-08,-0.228874,2.76256e-11,-0.00100292,1.94663e-10
1284,-0.00982625,-2.34889e-08,-0.224654,2.8374e-11,-0.00110392,1.96772e-10
1285,-0.00972895,-2.2691e-08,-0.220033,2.9103e-11,-0.00120346,1.98807e-10
1286,-0.00962221,-2.18852e-08,-0.215016,3.0001e-11,-0.00130153,2.00763e-10
1287,-0.00950604,-2.10716e-08,-0.20961,3.08802e-11,-0.00139805,2.02644e-10
1288,-0.00938042,-2.02503e-08,-0.203819,3.17409e-11,-0.0014927,2.0445e-10
1289,-0.00924524,-1.9422e-08,-0.197655,3.26895e-11,-0.00158544,2.06178e-10
1290,-0.00910057,-1.85867e-08,-0.191122,3.36203e-11,-0.00167616,2.07829e-10
1291,-0.00894642,-1.77447e-08,-0.18423,3.45334e-11,-0.00176455,2.09404e-10
1292,-0.00878273,-1.68965e-08,-0.176989,3.5466e-11,-0.00185052,2.10901e-10
1293,-0.00860963,-1.60422e-08,-0.169408,3.63817e-11,-0.0019339,2.12321e-10
1294,-0.00842719,-1.51822e-08,-0.161499,3.72808e-11,-0.00201444,2.13663e-10
1295,-0.00823537,-1.43168e-08,-0.153273,3.81456e-11,-0.00209198,2.14927e-10
1296,-0.00803437,-1.34463e-08,-0.144742,3.89946e-11,-0.00216631,2.16112e-10
1297,-0.00782435,-1.2571e-08,-0.13592,3.98283e-11,-0.00223719,2.17219e-10
1298,-0.00760526,-1.16912e-08,-0.126821,4.05911e-11,-0.00230443,2.18248e-10
1299,-0.00737743,-1.08072e-08,-0.11746,4.13395e-11,-0.00236775,2.19198e-10
1300,-0.00714108,-9.91941e-09,-0.107853,4.20741e-11,-0.00242697,2.20068e-10
1301,-0.00689624,-9.02804e-09,-0.0980173,4.2724e-11,-0.00248182,2.20858e-10
1302,-0.00664335,-8.13349e-09,-0.0879706,4.33613e-11,-0.00253201,2.2157e-10
1303,-0.0063827,-7.2361e-09,-0.0777323,4.39867e-11,-0.00257738,2.22201e-10
1304,-0.0061144,-6.33611e-09,-0.0673214,4.45477e-11,-0.00261766,2.22752e-10
1305,-0.00583904,-5.43393e-09,-0.0567598,4.50984e-11,-0.00265251,2.23222e-10
1306,-0.00555706,-4.52987e-09,-0.0460694,4.56395e-11,-0.00268183,2.23613e-10
1307,-0.00526861,-3.62431e-09,-0.035272,4.61908e-11,-0.00270538,2.2392e-10
1308,-0.00497451,-2.71752e-09,-0.0243923,4.67345e-11,-0.00272283,2.24147e-10
1309,-0.00467524,-1.80985e-09,-0.0134549,4.72716e-11,-0.00273414,2.24294e-10
1310,-0.00437122,-9.01862e-10,-0.00248393,4.79749e-11,-0.00273913,2.24353e-10
1311,-0.00425617,-5.61288e-10,0.00163362,4.82374e-11,-0.00273932,2.24355e-10
